[inf1029-07@iac trab4]$ ./matrix_lib_test 5 1024 1024 1024 1024 256 4096 1024 matA.dat matB.dat res1.dat res2.dat

Dados do CPU:

Architecture:          x86_64
CPU op-mode(s):        32-bit, 64-bit
Byte Order:            Little Endian
CPU(s):                4
On-line CPU(s) list:   0-3
Thread(s) per core:    1
Core(s) per socket:    4
Socket(s):             1
NUMA node(s):          1
Vendor ID:             GenuineIntel
CPU family:            6
Model:                 94
Model name:            Intel(R) Xeon(R) CPU E3-1225 v5 @ 3.30GHz
Stepping:              3
CPU MHz:               800.024
CPU max MHz:           3700.0000
CPU min MHz:           800.0000
BogoMIPS:              6624.00
Virtualization:        VT-x
L1d cache:             32K
L1i cache:             32K
L2 cache:              256K
L3 cache:              8192K
NUMA node0 CPU(s):     0-3
Flags:                 fpu vme de pse tsc msr pae mce cx8 apic sep mtrr pge mca cmov pat pse36 clflush dts acpi mmx fxsr sse sse2 ss ht tm pbe syscall nx pdpe1gb rdtscp lm constant_tsc art arch_perfmon pebs bts rep_good nopl xtopology nonstop_tsc aperfmperf eagerfpu pni pclmulqdq dtes64 monitor ds_cpl vmx smx est tm2 ssse3 sdbg fma cx16 xtpr pdcm pcid sse4_1 sse4_2 x2apic movbe popcnt tsc_deadline_timer aes xsave avx f16c rdrand lahf_lm abm 3dnowprefetch epb intel_pt ssbd ibrs ibpb stibp tpr_shadow vnmi flexpriority ept vpid fsgsbase tsc_adjust bmi1 hle avx2 smep bmi2 erms invpcid rtm mpx rdseed adx smap clflushopt xsaveopt xsavec xgetbv1 dtherm ida arat pln pts hwp hwp_notify hwp_act_window hwp_epp md_clear spec_ctrl intel_stibp flush_l1d

Carregando matrizes dos arquivos...
Matrizes carregadas com sucesso.


--- Exibindo os primeiros 256 elementos de: Matriz A (Original) ---
      2.00       2.00       2.00       2.00       2.00       2.00       2.00       2.00 
      2.00       2.00       2.00       2.00       2.00       2.00       2.00       2.00 
      2.00       2.00       2.00       2.00       2.00       2.00       2.00       2.00 
      2.00       2.00       2.00       2.00       2.00       2.00       2.00       2.00 
      2.00       2.00       2.00       2.00       2.00       2.00       2.00       2.00 
      2.00       2.00       2.00       2.00       2.00       2.00       2.00       2.00 
      2.00       2.00       2.00       2.00       2.00       2.00       2.00       2.00 
      2.00       2.00       2.00       2.00       2.00       2.00       2.00       2.00 
      2.00       2.00       2.00       2.00       2.00       2.00       2.00       2.00 
      2.00       2.00       2.00       2.00       2.00       2.00       2.00       2.00 
      2.00       2.00       2.00       2.00       2.00       2.00       2.00       2.00 
      2.00       2.00       2.00       2.00       2.00       2.00       2.00       2.00 
      2.00       2.00       2.00       2.00       2.00       2.00       2.00       2.00 
      2.00       2.00       2.00       2.00       2.00       2.00       2.00       2.00 
      2.00       2.00       2.00       2.00       2.00       2.00       2.00       2.00 
      2.00       2.00       2.00       2.00       2.00       2.00       2.00       2.00 
      2.00       2.00       2.00       2.00       2.00       2.00       2.00       2.00 
      2.00       2.00       2.00       2.00       2.00       2.00       2.00       2.00 
      2.00       2.00       2.00       2.00       2.00       2.00       2.00       2.00 
      2.00       2.00       2.00       2.00       2.00       2.00       2.00       2.00 
      2.00       2.00       2.00       2.00       2.00       2.00       2.00       2.00 
      2.00       2.00       2.00       2.00       2.00       2.00       2.00       2.00 
      2.00       2.00       2.00       2.00       2.00       2.00       2.00       2.00 
      2.00       2.00       2.00       2.00       2.00       2.00       2.00       2.00 
      2.00       2.00       2.00       2.00       2.00       2.00       2.00       2.00 
      2.00       2.00       2.00       2.00       2.00       2.00       2.00       2.00 
      2.00       2.00       2.00       2.00       2.00       2.00       2.00       2.00 
      2.00       2.00       2.00       2.00       2.00       2.00       2.00       2.00 
      2.00       2.00       2.00       2.00       2.00       2.00       2.00       2.00 
      2.00       2.00       2.00       2.00       2.00       2.00       2.00       2.00 
      2.00       2.00       2.00       2.00       2.00       2.00       2.00       2.00 
      2.00       2.00       2.00       2.00       2.00       2.00       2.00       2.00 


--- Exibindo os primeiros 256 elementos de: Matriz B (Original) ---
      5.00       5.00       5.00       5.00       5.00       5.00       5.00       5.00 
      5.00       5.00       5.00       5.00       5.00       5.00       5.00       5.00 
      5.00       5.00       5.00       5.00       5.00       5.00       5.00       5.00 
      5.00       5.00       5.00       5.00       5.00       5.00       5.00       5.00 
      5.00       5.00       5.00       5.00       5.00       5.00       5.00       5.00 
      5.00       5.00       5.00       5.00       5.00       5.00       5.00       5.00 
      5.00       5.00       5.00       5.00       5.00       5.00       5.00       5.00 
      5.00       5.00       5.00       5.00       5.00       5.00       5.00       5.00 
      5.00       5.00       5.00       5.00       5.00       5.00       5.00       5.00 
      5.00       5.00       5.00       5.00       5.00       5.00       5.00       5.00 
      5.00       5.00       5.00       5.00       5.00       5.00       5.00       5.00 
      5.00       5.00       5.00       5.00       5.00       5.00       5.00       5.00 
      5.00       5.00       5.00       5.00       5.00       5.00       5.00       5.00 
      5.00       5.00       5.00       5.00       5.00       5.00       5.00       5.00 
      5.00       5.00       5.00       5.00       5.00       5.00       5.00       5.00 
      5.00       5.00       5.00       5.00       5.00       5.00       5.00       5.00 
      5.00       5.00       5.00       5.00       5.00       5.00       5.00       5.00 
      5.00       5.00       5.00       5.00       5.00       5.00       5.00       5.00 
      5.00       5.00       5.00       5.00       5.00       5.00       5.00       5.00 
      5.00       5.00       5.00       5.00       5.00       5.00       5.00       5.00 
      5.00       5.00       5.00       5.00       5.00       5.00       5.00       5.00 
      5.00       5.00       5.00       5.00       5.00       5.00       5.00       5.00 
      5.00       5.00       5.00       5.00       5.00       5.00       5.00       5.00 
      5.00       5.00       5.00       5.00       5.00       5.00       5.00       5.00 
      5.00       5.00       5.00       5.00       5.00       5.00       5.00       5.00 
      5.00       5.00       5.00       5.00       5.00       5.00       5.00       5.00 
      5.00       5.00       5.00       5.00       5.00       5.00       5.00       5.00 
      5.00       5.00       5.00       5.00       5.00       5.00       5.00       5.00 
      5.00       5.00       5.00       5.00       5.00       5.00       5.00       5.00 
      5.00       5.00       5.00       5.00       5.00       5.00       5.00       5.00 
      5.00       5.00       5.00       5.00       5.00       5.00       5.00       5.00 
      5.00       5.00       5.00       5.00       5.00       5.00       5.00       5.00 

Executando scalar_matrix_mult...

--- Exibindo os primeiros 256 elementos de: Matriz A (Apos Multiplicacao por Escalar) ---
     10.00      10.00      10.00      10.00      10.00      10.00      10.00      10.00 
     10.00      10.00      10.00      10.00      10.00      10.00      10.00      10.00 
     10.00      10.00      10.00      10.00      10.00      10.00      10.00      10.00 
     10.00      10.00      10.00      10.00      10.00      10.00      10.00      10.00 
     10.00      10.00      10.00      10.00      10.00      10.00      10.00      10.00 
     10.00      10.00      10.00      10.00      10.00      10.00      10.00      10.00 
     10.00      10.00      10.00      10.00      10.00      10.00      10.00      10.00 
     10.00      10.00      10.00      10.00      10.00      10.00      10.00      10.00 
     10.00      10.00      10.00      10.00      10.00      10.00      10.00      10.00 
     10.00      10.00      10.00      10.00      10.00      10.00      10.00      10.00 
     10.00      10.00      10.00      10.00      10.00      10.00      10.00      10.00 
     10.00      10.00      10.00      10.00      10.00      10.00      10.00      10.00 
     10.00      10.00      10.00      10.00      10.00      10.00      10.00      10.00 
     10.00      10.00      10.00      10.00      10.00      10.00      10.00      10.00 
     10.00      10.00      10.00      10.00      10.00      10.00      10.00      10.00 
     10.00      10.00      10.00      10.00      10.00      10.00      10.00      10.00 
     10.00      10.00      10.00      10.00      10.00      10.00      10.00      10.00 
     10.00      10.00      10.00      10.00      10.00      10.00      10.00      10.00 
     10.00      10.00      10.00      10.00      10.00      10.00      10.00      10.00 
     10.00      10.00      10.00      10.00      10.00      10.00      10.00      10.00 
     10.00      10.00      10.00      10.00      10.00      10.00      10.00      10.00 
     10.00      10.00      10.00      10.00      10.00      10.00      10.00      10.00 
     10.00      10.00      10.00      10.00      10.00      10.00      10.00      10.00 
     10.00      10.00      10.00      10.00      10.00      10.00      10.00      10.00 
     10.00      10.00      10.00      10.00      10.00      10.00      10.00      10.00 
     10.00      10.00      10.00      10.00      10.00      10.00      10.00      10.00 
     10.00      10.00      10.00      10.00      10.00      10.00      10.00      10.00 
     10.00      10.00      10.00      10.00      10.00      10.00      10.00      10.00 
     10.00      10.00      10.00      10.00      10.00      10.00      10.00      10.00 
     10.00      10.00      10.00      10.00      10.00      10.00      10.00      10.00 
     10.00      10.00      10.00      10.00      10.00      10.00      10.00      10.00 
     10.00      10.00      10.00      10.00      10.00      10.00      10.00      10.00 

Tempo de execucao do scalar_matrix_mult: 1.673000 ms
Resultado 1 salvo em res1.dat

Executando matrix_matrix_mult...

--- Exibindo os primeiros 256 elementos de: Matriz C (Resultado Final) ---
  51200.00   51200.00   51200.00   51200.00   51200.00   51200.00   51200.00   51200.00 
  51200.00   51200.00   51200.00   51200.00   51200.00   51200.00   51200.00   51200.00 
  51200.00   51200.00   51200.00   51200.00   51200.00   51200.00   51200.00   51200.00 
  51200.00   51200.00   51200.00   51200.00   51200.00   51200.00   51200.00   51200.00 
  51200.00   51200.00   51200.00   51200.00   51200.00   51200.00   51200.00   51200.00 
  51200.00   51200.00   51200.00   51200.00   51200.00   51200.00   51200.00   51200.00 
  51200.00   51200.00   51200.00   51200.00   51200.00   51200.00   51200.00   51200.00 
  51200.00   51200.00   51200.00   51200.00   51200.00   51200.00   51200.00   51200.00 
  51200.00   51200.00   51200.00   51200.00   51200.00   51200.00   51200.00   51200.00 
  51200.00   51200.00   51200.00   51200.00   51200.00   51200.00   51200.00   51200.00 
  51200.00   51200.00   51200.00   51200.00   51200.00   51200.00   51200.00   51200.00 
  51200.00   51200.00   51200.00   51200.00   51200.00   51200.00   51200.00   51200.00 
  51200.00   51200.00   51200.00   51200.00   51200.00   51200.00   51200.00   51200.00 
  51200.00   51200.00   51200.00   51200.00   51200.00   51200.00   51200.00   51200.00 
  51200.00   51200.00   51200.00   51200.00   51200.00   51200.00   51200.00   51200.00 
  51200.00   51200.00   51200.00   51200.00   51200.00   51200.00   51200.00   51200.00 
  51200.00   51200.00   51200.00   51200.00   51200.00   51200.00   51200.00   51200.00 
  51200.00   51200.00   51200.00   51200.00   51200.00   51200.00   51200.00   51200.00 
  51200.00   51200.00   51200.00   51200.00   51200.00   51200.00   51200.00   51200.00 
  51200.00   51200.00   51200.00   51200.00   51200.00   51200.00   51200.00   51200.00 
  51200.00   51200.00   51200.00   51200.00   51200.00   51200.00   51200.00   51200.00 
  51200.00   51200.00   51200.00   51200.00   51200.00   51200.00   51200.00   51200.00 
  51200.00   51200.00   51200.00   51200.00   51200.00   51200.00   51200.00   51200.00 
  51200.00   51200.00   51200.00   51200.00   51200.00   51200.00   51200.00   51200.00 
  51200.00   51200.00   51200.00   51200.00   51200.00   51200.00   51200.00   51200.00 
  51200.00   51200.00   51200.00   51200.00   51200.00   51200.00   51200.00   51200.00 
  51200.00   51200.00   51200.00   51200.00   51200.00   51200.00   51200.00   51200.00 
  51200.00   51200.00   51200.00   51200.00   51200.00   51200.00   51200.00   51200.00 
  51200.00   51200.00   51200.00   51200.00   51200.00   51200.00   51200.00   51200.00 
  51200.00   51200.00   51200.00   51200.00   51200.00   51200.00   51200.00   51200.00 
  51200.00   51200.00   51200.00   51200.00   51200.00   51200.00   51200.00   51200.00 
  51200.00   51200.00   51200.00   51200.00   51200.00   51200.00   51200.00   51200.00 

Tempo de execucao do matrix_matrix_mult: 43.825001 ms
Resultado 2 salvo em res2.dat

Tempo de execucao total: 125.952003 ms